100 100 100 100 100 100 100 100 100 100
100 100 100 100 100 100 100 100 100 100 100 100 100 100 100
100 100 100 100 100 100 101 101 100 101 101 101
100 100 100 100 101 101 101 101 101
100 101 101 101 100 101 101 101 100 101 101 101 100 101 101 101
103 103 103 103 103 103 103 103 103 103 103 103 103 103 103 103 103 103 103 103
105 105 105 105 105 106 105 105 105 105 105 106
108 108 108 108 108 108 108 108 108 108
101 103 102 101 100 104 104 108 103 103 105 100 103 101 102 105 106 108
109 109
100 100 100 100 101 101 102 102 103 103
102 102 102 102 102 102 102 102 102 102 102
105 105 105 106 106 105 105 105 106 106 105 105 105
106 106 108 108 106 106 108 108 106 106 108 108
109 109
104 104 104 104 104 104 104 104 104 104 104 104 104 104 104
106 106 106 106 106 106 106 106 106 106 106 106
100 100 100 102 102 102 102 103 103 103 103 103 103 103 103 103 103 103 103 103
101 102 104 104 105 108 108 108 108 108 103 103 105 104 106 106 106 109
105 105 105 106 105 105 105 107 106 106 106 105 105