100 100 100 100 100 100 100 100 100 100
100 100 100 100 100 100 100 100 100 100 100 100 100 100 100
100 100 100 100 100 100 101 101 100 101 101 101
100 100 100 100 101 101 101 101 101
100 101 101 101 100 101 101 101 100 101 101 101 100 101 101 101
103 103 103 103 103 103 103 103 103 103 103 103 103 103 103 103 103 103 103 103
105 105 105 105 105 106 105 105 105 105 105 106
108 108 108 108 108 108 108 108 108 108
101 103 102 101 100 104 104 108 103 103 105 100 103 101 102 105 106 108
109 109
100 100 100 100 101 101 102 102 103 103
102 102 102 102 102 102 102 102 102 102 102
105 105 105 106 106 105 105 105 106 106 105 105 105
106 106 108 108 106 106 108 108 106 106 108 108
109 109
104 104 104 104 104 104 104 104 104 104 104 104 104 104 104
106 106 106 106 106 106 106 106 106 106 106 106
100 100 100 102 102 102 102 103 103 103 103 103 103 103 103 103 103 103 103 103
101 102 104 104 105 108 108 108 108 108 103 103 105 104 106 106 106 109
105 105 105 106 105 105 105 107 106 106 106 105 105
103 103 103 102 102 102 108 108 108 108 108 108
104 104 104 104 104 104 104 104 104 104 104 104 104 104 104 104
101 101 101 101 101 101 101 101 101 101 101 101 101 101 101 101 101 101 101 101
105 105 105 106 106 106 106 106 108 108 108 106 106 106 106 105 105 105
109 109 109 109 109
100 100 100 100 100 103 103 103 103 103 103 104 104 104 104 104 108 108 108 108 108
101 102 103 104 101 102 105 100 105 102 108 108 103 102 105 104 106 102 103 101 100
102 102 109 102 102 109 102 109 102 109 109
108 108 108 109 108 108 108 109 108 108 108 109
109 109 110 109 109 110 109 109 110
105 105 106 105 106 105 105 105 106 106 107 106 106 106 105 105 105 105
109 109 107 110 110
101 102 100 104 101 102 106 100 105 102 108 108 103 102 105 104 106 102 103 101 100
109 109 109 110 110 110 110 109 109 109
109 109 110 109 109 111 109 109 110 109 109
109 109 109 109 109 109 109 109 109 109 109 109
110 110 110 110 110 110 110
109 109 110 109 109 110 109 109 110
109 108 108 110 111 110 108 108 109
111 111 111 111 111
109 109 110 110 109 109 110 109 109 110 110
107 106 107 106 107 106 107 106 107 106 107 106 107
109 109 108 108 108 108 106 106 109 109 108 108 106
109 110 109 111 109 110 109 111 109 110 109 111
111 111 112 111 111 112 111 111
107 107 111 107 107 111 108 108 108 108 109 109 109 109
109 109 109 111 111 112 112 111 111 109 109 109
109 110 111 112 111 112 108 108 111 108 108 112 111 110 109
107 107 107 111 111 111 112 112 112 111 111 111 107 107 107
111 111 111 111 112 112 112 113 113 113 113